[MINIMUM WATER SHELL THICKNESS]
        1.200000e+01
[ENCLOSING SPHERE (X,Y,Z,R)]
        3.798874e+00
        2.949383e+00
        2.246060e+01
        5.174174e+01
[NR OF GAUSSIANS]
10
[SURFACE LEVEL]
        2.500000e-01
[GAUSSIAN HEIGHTS]
        9.923389e-01
        1.013861e+00
        9.890303e-01
        1.009961e+00
        1.005201e+00
        1.011367e+00
        9.976089e-01
        9.961170e-01
        9.885993e-01
        9.967014e-01
[GAUSSIAN CENTERS]
        2.528524e+01         1.130458e+01         1.936539e+01
        1.092999e+01         5.390653e+00         5.009163e+01
        1.490125e+01        -7.829902e+00         1.262543e+01
       -2.087855e+01         7.532808e+00         7.488018e+00
       -5.046096e+00         1.184044e+00        -3.559832e+00
        2.500274e+01        -3.900295e+00         3.845924e+01
       -1.890156e+01        -1.475158e+00         2.444231e+01
        7.886903e-01        -1.730992e+01         3.333314e+01
       -4.986251e+00         1.978602e+01         3.402862e+01
        1.341110e+00         2.449981e+01         1.060589e+01
[GAUSSIAN VARIANCES]
        5.240921e+02         3.425429e+02         2.531852e+02
        4.352950e+02         3.356620e+02         2.735053e+02
        4.743023e+02         3.683830e+02         2.654047e+02
        3.967190e+02         3.488589e+02         2.955018e+02
        4.255680e+02         3.988960e+02         2.478415e+02
        3.870682e+02         3.240017e+02         3.233945e+02
        4.627223e+02         3.472581e+02         2.740225e+02
        4.957060e+02         3.925569e+02         2.283138e+02
        5.006723e+02         3.692496e+02         2.514929e+02
        4.778085e+02         3.724841e+02         2.487534e+02
[GAUSSIAN ORIENTATIONS]
        3.803813e-01         2.843574e-01         8.800289e-01
       -1.353659e-01        -9.241910e-01         3.571374e-01
        9.148695e-01        -2.549743e-01        -3.130526e-01
        9.882818e-01        -1.474499e-01         3.946619e-02
       -1.427586e-01        -9.843902e-01        -1.029362e-01
        5.402807e-02         9.609585e-02        -9.939047e-01
        5.226195e-01         7.150312e-01        -4.643266e-01
       -4.371915e-01         6.923282e-01         5.740603e-01
        7.319375e-01        -9.701544e-02         6.744298e-01
       -3.382326e-02         3.208778e-02         9.989126e-01
       -9.231083e-01        -3.840744e-01        -1.891901e-02
        3.830497e-01        -9.227444e-01         4.261114e-02
        8.962037e-01        -4.406644e-01        -5.132091e-02
        4.176737e-01         7.990816e-01         4.324549e-01
       -1.495579e-01        -4.090031e-01         9.001938e-01
        1.467705e-01         2.161889e-01        -9.652568e-01
        7.681282e-01         5.899291e-01         2.489230e-01
        6.232475e-01        -7.779756e-01        -7.947664e-02
        2.787594e-01        -3.773256e-01        -8.831300e-01
        1.963763e-01         9.225466e-01        -3.321807e-01
        9.400689e-01        -8.082733e-02         3.312663e-01
        7.816140e-01         5.496602e-01         2.948782e-01
        5.050261e-02        -5.269543e-01         8.483918e-01
        6.217146e-01        -6.482228e-01        -4.396341e-01
        7.068376e-01         6.186398e-01        -3.430240e-01
       -7.039356e-02         5.440338e-01         8.361052e-01
        7.038646e-01        -5.668440e-01         4.280918e-01
        7.109127e-01         6.807786e-01         1.764759e-01
       -5.968884e-02        -1.916210e-01         9.796523e-01
        7.007428e-01        -7.069809e-01        -9.559091e-02
