[ENCLOSING SPHERE (X,Y,Z,R)]
        1.096601e-01
        3.741196e+00
        9.633487e-01
        5.118616e+01
[NR OF GAUSSIANS]
10
[SURFACE LEVEL]
        2.500000e-01
[GAUSSIAN CENTERS]
        2.577750e+01        -5.707824e+00        -1.601854e+00
        1.796233e+01         1.581343e+01         4.740952e+00
       -2.883475e+01         5.050934e+00         1.331511e+00
       -3.636161e+00        -1.059040e+01         1.870926e+01
        2.599778e+00        -1.592015e+01        -9.305676e+00
        2.385459e+01        -6.585022e+00         8.095595e+00
       -6.928811e+00         1.268457e+01         1.792179e+01
       -1.823420e+01        -1.576962e+01         3.284329e+00
       -1.072167e+01         1.659409e+01        -4.887024e+00
       -3.802204e+00         2.626050e+00        -1.675369e+01
[GAUSSIAN VARIANCES]
        3.230085e+02         3.224594e+02         2.487647e+02
        4.067313e+02         2.999820e+02         2.088840e+02
        3.295639e+02         2.922665e+02         2.317121e+02
        4.541197e+02         3.177208e+02         2.064781e+02
        4.201329e+02         3.414743e+02         2.123837e+02
        3.471551e+02         2.959314e+02         2.596420e+02
        4.029633e+02         3.093167e+02         2.119016e+02
        4.075677e+02         2.936800e+02         2.179545e+02
        3.960730e+02         3.377996e+02         2.237302e+02
        4.667589e+02         2.826486e+02         2.245403e+02
[GAUSSIAN ORIENTATIONS]
        3.180817e-01        -5.817331e-01        -7.486058e-01
       -1.602024e-01        -8.112414e-01         5.623367e-01
        9.344299e-01         5.894058e-02         3.512361e-01
        8.595075e-01         9.713796e-02         5.018077e-01
       -4.890855e-01        -1.288713e-01         8.626630e-01
       -1.484660e-01         9.868923e-01         6.325710e-02
        1.134606e-01         4.474000e-01         8.871076e-01
        6.842917e-01         6.121521e-01        -3.962507e-01
        7.203274e-01        -6.519992e-01         2.366969e-01
        9.384425e-01        -3.309674e-01        -9.892514e-02
       -3.430278e-01        -8.591186e-01        -3.797988e-01
       -4.071258e-02        -3.903534e-01         9.197645e-01
        9.823017e-01        -1.740389e-01        -6.923708e-02
       -7.221362e-02        -6.929634e-01         7.173471e-01
        1.728251e-01         6.996515e-01         6.932671e-01
        6.018407e-01         2.297130e-01         7.648658e-01
        7.574162e-01        -4.678276e-01        -4.554757e-01
       -2.531966e-01        -8.534455e-01         4.555460e-01
        9.972434e-01        -6.593444e-02        -3.403321e-02
       -4.705085e-02        -9.165845e-01         3.970631e-01
        5.737445e-02         3.943673e-01         9.171601e-01
        8.640055e-01         3.357770e-02        -5.023615e-01
       -4.956775e-01        -1.182759e-01        -8.604154e-01
        8.830805e-02        -9.924129e-01         8.554736e-02
        9.491781e-01        -1.919730e-01         2.494139e-01
        7.868525e-02        -6.225453e-01        -7.786180e-01
       -3.047451e-01        -7.586724e-01         5.758009e-01
        9.866174e-01         1.022278e-01         1.270258e-01
        1.266051e-01        -9.712245e-01        -2.017278e-01
       -1.027484e-01        -2.151103e-01         9.711696e-01
